star
<svg xmlns="http://www.w3.org/2000/svg" width="13" height="13" viewBox="0 0 13 13" fill="none">
  <path d="M5.17934 0.653645C5.50149 -0.216973 6.73288 -0.216972 7.05504 0.653646L8.11834 3.52717C8.21963 3.80089 8.43544 4.0167 8.70916 4.11799L11.5827 5.18129C12.4533 5.50345 12.4533 6.73483 11.5827 7.05699L8.70916 8.12029C8.43544 8.22158 8.21963 8.43739 8.11834 8.71111L7.05504 11.5846C6.73288 12.4553 5.50149 12.4553 5.17934 11.5846L4.11603 8.71111C4.01475 8.43739 3.79894 8.22158 3.52522 8.12029L0.651692 7.05699C-0.218926 6.73483 -0.218925 5.50345 0.651693 5.18129L3.52522 4.11799C3.79894 4.0167 4.01475 3.80089 4.11603 3.52717L5.17934 0.653645Z" fill="#3ADFFA"/>
</svg>


offline 
<svg xmlns="http://www.w3.org/2000/svg" width="16" height="16" viewBox="0 0 16 16" fill="none">
  <path d="M1.99833 9.41989C2.00038 8.8572 2.20444 8.31395 2.57335 7.88906C2.94226 7.46417 3.45149 7.18589 4.00833 7.10489C4.25483 7.06989 4.43833 6.82889 4.43833 6.57989C4.43833 5.95883 4.68471 5.36312 5.1234 4.92349C5.56209 4.48386 6.15727 4.23622 6.77833 4.23489C7.32783 4.23489 7.84033 4.41839 8.25983 4.76489C8.41083 4.88989 8.62133 4.91489 8.79633 4.82989C8.91983 4.76989 9.04883 4.72639 9.18333 4.69489C9.33283 4.65989 9.48983 4.63989 9.66133 4.63989C9.79238 4.65797 9.92528 4.6238 10.0314 4.54476C10.1374 4.46572 10.2082 4.34814 10.2283 4.21739C10.2379 4.15238 10.2345 4.08613 10.2185 4.02241C10.2024 3.9587 10.1739 3.89878 10.1347 3.84607C10.0955 3.79337 10.0462 3.74891 9.9898 3.71525C9.93336 3.68159 9.87085 3.65938 9.80583 3.64989C9.40883 3.59489 9.01533 3.67689 8.64883 3.80839C8.09675 3.43479 7.44545 3.23505 6.77883 3.23489C5.07383 3.23489 3.66333 4.52089 3.46283 6.19839C2.03283 6.58789 0.998332 7.90639 0.998332 9.41989C0.998332 10.3374 1.38233 11.2229 2.05133 11.8499C2.09916 11.895 2.15544 11.9302 2.21693 11.9535C2.27842 11.9768 2.3439 11.9877 2.40962 11.9855C2.47533 11.9834 2.53997 11.9683 2.59982 11.941C2.65967 11.9138 2.71354 11.875 2.75833 11.8269C2.84669 11.7322 2.89469 11.6069 2.89217 11.4774C2.88965 11.3479 2.8368 11.2245 2.74483 11.1334C2.74083 11.1294 2.73933 11.1239 2.73483 11.1199C2.50267 10.9017 2.31758 10.6383 2.19093 10.346C2.06427 10.0536 1.99873 9.73849 1.99833 9.41989ZM14.8518 1.14639C14.7581 1.05266 14.6309 1 14.4983 1C14.3658 1 14.2386 1.05266 14.1448 1.14639L1.14483 14.1464C1.09708 14.1925 1.05899 14.2477 1.03278 14.3087C1.00658 14.3697 0.992783 14.4353 0.992206 14.5017C0.991629 14.5681 1.00428 14.6339 1.02942 14.6954C1.05456 14.7568 1.09169 14.8126 1.13863 14.8596C1.18558 14.9065 1.24141 14.9437 1.30285 14.9688C1.3643 14.9939 1.43014 15.0066 1.49653 15.006C1.56292 15.0054 1.62853 14.9916 1.68953 14.9654C1.75054 14.9392 1.80571 14.9011 1.85183 14.8534L3.96483 12.7409C4.09183 12.7554 4.21833 12.7649 4.34333 12.7649H11.6533C12.5402 12.764 13.3905 12.4113 14.0176 11.7841C14.6447 11.157 14.9974 10.3068 14.9983 9.41989C14.9983 7.90639 13.9643 6.58789 12.5343 6.19839C12.4656 5.67778 12.2574 5.18541 11.9318 4.77339L14.8518 1.85339C14.9456 1.75963 14.9982 1.63248 14.9982 1.49989C14.9982 1.36731 14.9456 1.24016 14.8518 1.14639ZM11.5218 6.19989C11.5468 6.32489 11.5583 6.44939 11.5583 6.60989C11.5584 6.73036 11.6019 6.84677 11.6809 6.93772C11.7599 7.02866 11.8691 7.08803 11.9883 7.10489C12.5452 7.18589 13.0544 7.46417 13.4233 7.88906C13.7922 8.31395 13.9963 8.8572 13.9983 9.41989C13.9977 10.0416 13.7504 10.6377 13.3108 11.0773C12.8711 11.517 12.2751 11.7642 11.6533 11.7649H4.94033L11.2153 5.48989C11.3628 5.70339 11.4713 5.94339 11.5218 6.19989Z" fill="#CC97FF"/>
</svg>


hifi audio
<svg xmlns="http://www.w3.org/2000/svg" width="12" height="10" viewBox="0 0 12 10" fill="none">
  <path d="M7.4375 7.29167H8.3125V6.41667H8.75C8.91528 6.41667 9.05382 6.36076 9.16562 6.24896C9.27743 6.13715 9.33333 5.99861 9.33333 5.83333V3.5C9.33333 3.33472 9.27743 3.19618 9.16562 3.08437C9.05382 2.97257 8.91528 2.91667 8.75 2.91667H7C6.83472 2.91667 6.69618 2.97257 6.58437 3.08437C6.47257 3.19618 6.41667 3.33472 6.41667 3.5V5.83333C6.41667 5.99861 6.47257 6.13715 6.58437 6.24896C6.69618 6.36076 6.83472 6.41667 7 6.41667H7.4375V7.29167ZM2.33333 6.41667H3.20833V5.25H4.375V6.41667H5.25V2.91667H4.375V4.375H3.20833V2.91667H2.33333V6.41667ZM7.29167 5.54167V3.79167H8.45833V5.54167H7.29167ZM1.16667 9.33333C0.845833 9.33333 0.571181 9.2191 0.342708 8.99063C0.114236 8.76215 0 8.4875 0 8.16667V1.16667C0 0.845833 0.114236 0.571181 0.342708 0.342708C0.571181 0.114236 0.845833 0 1.16667 0H10.5C10.8208 0 11.0955 0.114236 11.324 0.342708C11.5524 0.571181 11.6667 0.845833 11.6667 1.16667V8.16667C11.6667 8.4875 11.5524 8.76215 11.324 8.99063C11.0955 9.2191 10.8208 9.33333 10.5 9.33333H1.16667ZM1.16667 8.16667H10.5V1.16667H1.16667V8.16667ZM1.16667 8.16667V1.16667V8.16667Z" fill="#CC97FF"/>
</svg>

lsitent on any device
<svg xmlns="http://www.w3.org/2000/svg" width="12" height="10" viewBox="0 0 12 10" fill="none">
  <path d="M7.4375 7.29167H8.3125V6.41667H8.75C8.91528 6.41667 9.05382 6.36076 9.16562 6.24896C9.27743 6.13715 9.33333 5.99861 9.33333 5.83333V3.5C9.33333 3.33472 9.27743 3.19618 9.16562 3.08437C9.05382 2.97257 8.91528 2.91667 8.75 2.91667H7C6.83472 2.91667 6.69618 2.97257 6.58437 3.08437C6.47257 3.19618 6.41667 3.33472 6.41667 3.5V5.83333C6.41667 5.99861 6.47257 6.13715 6.58437 6.24896C6.69618 6.36076 6.83472 6.41667 7 6.41667H7.4375V7.29167ZM2.33333 6.41667H3.20833V5.25H4.375V6.41667H5.25V2.91667H4.375V4.375H3.20833V2.91667H2.33333V6.41667ZM7.29167 5.54167V3.79167H8.45833V5.54167H7.29167ZM1.16667 9.33333C0.845833 9.33333 0.571181 9.2191 0.342708 8.99063C0.114236 8.76215 0 8.4875 0 8.16667V1.16667C0 0.845833 0.114236 0.571181 0.342708 0.342708C0.571181 0.114236 0.845833 0 1.16667 0H10.5C10.8208 0 11.0955 0.114236 11.324 0.342708C11.5524 0.571181 11.6667 0.845833 11.6667 1.16667V8.16667C11.6667 8.4875 11.5524 8.76215 11.324 8.99063C11.0955 9.2191 10.8208 9.33333 10.5 9.33333H1.16667ZM1.16667 8.16667H10.5V1.16667H1.16667V8.16667ZM1.16667 8.16667V1.16667V8.16667Z" fill="#CC97FF"/>
</svg>


peoples
<svg xmlns="http://www.w3.org/2000/svg" width="12" height="12" viewBox="0 0 12 12" fill="none">
  <path d="M9.33333 2.33333C9.0125 2.33333 8.73785 2.2191 8.50937 1.99063C8.2809 1.76215 8.16667 1.4875 8.16667 1.16667C8.16667 0.845833 8.2809 0.571181 8.50937 0.342708C8.73785 0.114236 9.0125 0 9.33333 0C9.65417 0 9.92882 0.114236 10.1573 0.342708C10.3858 0.571181 10.5 0.845833 10.5 1.16667C10.5 1.4875 10.3858 1.76215 10.1573 1.99063C9.92882 2.2191 9.65417 2.33333 9.33333 2.33333ZM8.75 11.6667V7C8.75 6.61111 8.65035 6.26111 8.45104 5.95C8.25174 5.63889 7.99653 5.39583 7.68542 5.22083L8.19583 3.71875C8.27361 3.47569 8.41701 3.28125 8.62604 3.13542C8.83507 2.98958 9.07083 2.91667 9.33333 2.91667C9.59583 2.91667 9.8316 2.98958 10.0406 3.13542C10.2497 3.28125 10.3931 3.47569 10.4708 3.71875L11.9583 8.16667H10.5V11.6667H8.75ZM6.125 5.54167C5.88194 5.54167 5.67535 5.4566 5.50521 5.28646C5.33507 5.11632 5.25 4.90972 5.25 4.66667C5.25 4.42361 5.33507 4.21701 5.50521 4.04688C5.67535 3.87674 5.88194 3.79167 6.125 3.79167C6.36806 3.79167 6.57465 3.87674 6.74479 4.04688C6.91493 4.21701 7 4.42361 7 4.66667C7 4.90972 6.91493 5.11632 6.74479 5.28646C6.57465 5.4566 6.36806 5.54167 6.125 5.54167ZM2.04167 2.33333C1.72083 2.33333 1.44618 2.2191 1.21771 1.99063C0.989236 1.76215 0.875 1.4875 0.875 1.16667C0.875 0.845833 0.989236 0.571181 1.21771 0.342708C1.44618 0.114236 1.72083 0 2.04167 0C2.3625 0 2.63715 0.114236 2.86562 0.342708C3.0941 0.571181 3.20833 0.845833 3.20833 1.16667C3.20833 1.4875 3.0941 1.76215 2.86562 1.99063C2.63715 2.2191 2.3625 2.33333 2.04167 2.33333ZM0.875 11.6667V7.58333H0V4.08333C0 3.7625 0.114236 3.48785 0.342708 3.25938C0.571181 3.0309 0.845833 2.91667 1.16667 2.91667H2.91667C3.2375 2.91667 3.51215 3.0309 3.74062 3.25938C3.9691 3.48785 4.08333 3.7625 4.08333 4.08333V7.58333H3.20833V11.6667H0.875ZM5.25 11.6667V9.33333H4.66667V7C4.66667 6.75694 4.75174 6.55035 4.92188 6.38021C5.09201 6.21007 5.29861 6.125 5.54167 6.125H6.70833C6.95139 6.125 7.15799 6.21007 7.32812 6.38021C7.49826 6.55035 7.58333 6.75694 7.58333 7V9.33333H7V11.6667H5.25Z" fill="#3ADFFA"/>
</svg>

accoutns
<svg xmlns="http://www.w3.org/2000/svg" width="16" height="16" viewBox="0 0 16 16" fill="none">
  <path d="M6.10573 7.74732C6.08573 7.74732 6.0724 7.74732 6.0524 7.74732C6.01906 7.74065 5.9724 7.74065 5.9324 7.74732C3.99906 7.68732 2.53906 6.16732 2.53906 4.29398C2.53906 2.38732 4.0924 0.833984 5.99906 0.833984C7.90573 0.833984 9.45906 2.38732 9.45906 4.29398C9.4524 6.16732 7.98573 7.68732 6.12573 7.74732C6.11906 7.74732 6.1124 7.74732 6.10573 7.74732ZM5.99906 1.83398C4.64573 1.83398 3.53906 2.94065 3.53906 4.29398C3.53906 5.62732 4.57906 6.70065 5.90573 6.74732C5.94573 6.74065 6.0324 6.74065 6.11906 6.74732C7.42573 6.68732 8.4524 5.61398 8.45906 4.29398C8.45906 2.94065 7.3524 1.83398 5.99906 1.83398Z" fill="#3ADFFA"/>
  <path d="M11.0256 7.83268C11.0056 7.83268 10.9856 7.83268 10.9656 7.82601C10.6923 7.85268 10.4123 7.65935 10.3856 7.38602C10.3589 7.11268 10.5256 6.86602 10.7989 6.83268C10.8789 6.82602 10.9656 6.82601 11.0389 6.82601C12.0123 6.77268 12.7723 5.97268 12.7723 4.99268C12.7723 3.97935 11.9523 3.15935 10.9389 3.15935C10.6656 3.16602 10.4389 2.93935 10.4389 2.66602C10.4389 2.39268 10.6656 2.16602 10.9389 2.16602C12.4989 2.16602 13.7723 3.43935 13.7723 4.99935C13.7723 6.53268 12.5723 7.77268 11.0456 7.83268C11.0389 7.83268 11.0323 7.83268 11.0256 7.83268Z" fill="#3ADFFA"/>
  <path d="M6.10917 15.0327C4.8025 15.0327 3.48917 14.6993 2.49583 14.0327C1.56917 13.4193 1.0625 12.5793 1.0625 11.666C1.0625 10.7527 1.56917 9.90602 2.49583 9.28602C4.49583 7.95935 7.73583 7.95935 9.7225 9.28602C10.6425 9.89935 11.1558 10.7393 11.1558 11.6527C11.1558 12.566 10.6492 13.4127 9.7225 14.0327C8.7225 14.6993 7.41583 15.0327 6.10917 15.0327ZM3.04917 10.126C2.40917 10.5527 2.0625 11.0993 2.0625 11.6727C2.0625 12.2393 2.41583 12.786 3.04917 13.206C4.70917 14.3193 7.50917 14.3193 9.16917 13.206C9.80917 12.7793 10.1558 12.2327 10.1558 11.6593C10.1558 11.0927 9.8025 10.546 9.16917 10.126C7.50917 9.01935 4.70917 9.01935 3.04917 10.126Z" fill="#3ADFFA"/>
  <path d="M12.2229 13.8333C11.9895 13.8333 11.7829 13.6733 11.7362 13.4333C11.6829 13.16 11.8562 12.9 12.1229 12.84C12.5429 12.7533 12.9295 12.5867 13.2295 12.3533C13.6095 12.0667 13.8162 11.7067 13.8162 11.3267C13.8162 10.9467 13.6095 10.5867 13.2362 10.3067C12.9429 10.08 12.5762 9.92001 12.1429 9.82001C11.8762 9.76001 11.7029 9.49335 11.7629 9.22001C11.8229 8.95335 12.0895 8.78001 12.3629 8.84001C12.9362 8.96668 13.4362 9.19335 13.8429 9.50668C14.4629 9.97335 14.8162 10.6333 14.8162 11.3267C14.8162 12.02 14.4562 12.68 13.8362 13.1533C13.4229 13.4733 12.9029 13.7067 12.3295 13.82C12.2895 13.8333 12.2562 13.8333 12.2229 13.8333Z" fill="#3ADFFA"/>
</svg>